No : Parcours Chatlet
Ds : Parcours de kiffeur
G1 : 48.857358
G2 : 2.347223
A1 : 48.843282
A2 : 2.352302
tp : 45
Q1 : On dit au chatlet ou à chatelet ? ANS : au
Q2 : 2 +2 ? ANS : 4